0 -100000
1 -100000
2 -100000
3 -100000
4 -100000
5 -100000
6 -100000
7 -100000
8 -100000
9 -100000
10 -100000
11 -100000
12 -100000
13 -100000
14 -100000
15 -100000
16 -100000
17 -100000
18 -100000
19 -100000
20 -100000
21 -100000
22 -100000
23 -100000
24 -100000
25 -100000
26 -100000
27 -100000
28 -100000
29 -100000
30 -100000
31 -100000
32 -100000
33 -100000
34 -100000
35 -100000
36 -100000
37 -100000
38 -100000
39 -100000
40 -100000
41 -100000
42 -100000
43 -100000
44 -100000
45 -100000
46 -100000
47 -100000
48 -100000
49 -100000
50 -100000
51 -100000
52 -100000
53 -100000
54 -100000
55 -100000
56 -100000
57 -100000
58 -100000
59 -100000
60 -100000
61 -100000
62 -100000
63 -100000
64 -100000
65 -100000
66 -100000
67 -100000
68 -100000
69 -100000
70 -100000
71 -100000
72 -100000
73 -100000
74 -100000
75 -100000
76 -100000
77 -100000
78 -100000
79 -100000
80 -100000
81 -100000
82 -100000
83 -100000
84 -100000
85 -100000
86 -100000
87 -100000
88 -100000
89 -100000
90 -100000
91 -100000
92 -100000
93 -100000
94 -100000
95 -100000
96 -100000
97 -100000
98 -100000
99 -100000
100 -100000
101 -100000
102 -100000
103 -100000
104 -100000
105 -100000
106 -100000
107 -100000
108 -100000
109 -100000
110 -100000
111 -100000
112 -100000
113 -100000
114 -100000
115 -100000
116 -100000
117 -100000
118 -100000
119 -100000
120 -100000
121 -100000
122 -100000
123 -100000
124 -100000
125 -100000
126 -100000
127 -100000
128 -100000
129 -100000
130 -100000
131 -100000
132 -100000
133 -100000
134 -100000
135 -100000
136 -100000
137 -100000
138 -100000
139 -100000
140 -100000
141 -100000
142 -100000
143 -100000
144 -100000
145 -100000
146 -100000
147 -100000
148 -100000
149 -100000
150 -100000
151 -100000
152 -100000
153 -100000
154 -100000
155 -100000
156 -100000
157 -100000
158 -100000
159 -100000
160 -100000
161 -100000
162 -100000
163 -100000
164 -100000
165 -100000
166 -100000
167 -100000
168 -100000
169 -100000
170 -100000
171 -100000
172 -100000
173 -100000
174 -100000
175 -100000
176 -100000
177 -100000
178 -100000
179 -100000
180 -100000
181 -100000
182 -100000
183 -100000
184 -100000
185 -100000
186 -100000
187 -100000
188 -100000
189 -100000
190 -100000
191 -100000
192 -100000
193 -100000
194 -100000
195 -100000
196 -100000
197 -100000
198 -100000
199 -100000
200 -100000
201 -100000
202 -100000
203 -100000
204 -100000
205 -100000
206 -100000
207 -100000
208 -100000
209 -100000
210 -100000
211 -100000
212 -100000
213 -100000
214 -100000
215 -100000
216 -100000
217 -100000
218 -100000
219 -100000
220 -100000
221 -100000
222 -100000
223 -100000
224 -100000
225 -100000
226 -100000
227 -100000
228 -100000
229 -100000
230 -100000
231 -100000
232 -100000
233 -100000
234 -100000
235 -100000
236 -100000
237 -100000
238 -100000
239 -100000
240 -100000
241 -100000
242 -100000
243 -100000
244 -100000
245 -100000
246 -100000
247 -100000
248 -100000
249 -100000
250 -100000
251 -100000
252 -100000
253 -100000
254 -100000
255 -100000
256 -100000
257 -100000
258 -100000
259 -100000
260 -100000
261 -100000
262 -100000
263 -100000
264 -100000
265 -100000
266 -100000
267 -100000
268 -100000
269 -100000
270 -100000
271 -100000
272 -100000
273 -100000
274 -100000
275 -100000
276 -100000
277 -100000
278 -100000
279 -100000
280 -100000
281 -100000
282 -100000
283 -100000
284 -100000
285 -100000
286 -100000
287 -100000
288 -100000
289 -100000
290 -100000
291 -100000
292 -100000
293 -100000
294 -100000
295 -100000
296 -100000
297 -100000
298 -100000
299 -100000
300 -100000
301 -100000
302 -100000
303 -100000
304 -100000
305 -100000
306 -100000
307 -100000
308 -100000
309 -100000
310 -100000
311 -100000
312 -100000
313 -100000
314 -100000
315 -100000
316 -100000
317 1
318 -99999
319 -99999
320 -99999
321 -99999
322 -99999
323 -99999
324 -99999
325 -99999
326 -99999
327 -99999
328 -99999
329 -99999
330 -99999
331 -99999
332 -99999
333 -99999
334 -99999
335 -99999
336 -99999
337 -99999
338 -99999
339 -99999
340 -99999
341 -99999
342 -99999
343 -99999
344 -99999
345 -99999
346 -99999
347 -99999
348 -99999
349 -99999
350 -99999
351 -99999
352 -99999
353 -99999
354 -99999
355 -99999
356 -99999
357 -99999
358 -99999
359 -99999
360 -99999
361 -99999
362 -99999
363 -99999
364 -99999
365 -99999
366 -99999
367 -99999
368 -99999
369 -99999
370 -99999
371 -99999
372 -99999
373 -99999
374 -99999
375 -99999
376 -99999
377 -99999
378 -99999
379 -99999
380 -99999
381 -99999
382 -99999
383 -99999
384 -99999
385 -99999
386 -99999
387 -99999
388 -99999
389 -99999
390 -99999
391 -99999
392 -99999
393 -99999
394 -99999
395 -99999
396 -99999
397 -99999
398 -99999
399 -99999
400 -99999
401 -99999
402 -99999
403 -99999
404 -99999
405 -99999
406 -99999
407 -99999
408 -99999
409 -99999
410 -99999
411 -99999
412 -99999
413 -99999
414 -99999
415 -99999
416 -99999
417 -99999
418 -99999
419 -99999
420 -99999
421 -99999
422 -99999
423 -99999
424 -99999
425 -99999
426 -99999
427 -99999
428 -99999
429 -99999
430 -99999
431 -99999
432 -99999
433 -99999
434 -99999
435 -99999
436 -99999
437 -99999
438 -99999
439 -99999
440 -99999
441 -99999
442 -99999
443 -99999
444 -99999
445 -99999
446 -99999
447 -99999
448 -99999
449 -99999
450 -99999
451 -99999
452 -99999
453 -99999
454 -99999
455 -99999
456 -99999
457 -99999
458 -99999
459 -99999
460 -99999
461 -99999
462 -99999
463 -99999
464 -99999
465 -99999
466 -99999
467 -99999
468 -99999
469 -99999
470 -99999
471 -99999
472 -99999
473 -99999
474 -99999
475 -99999
476 -99999
477 -99999
478 -99999
479 -99999
480 -99999
481 -99999
482 -99999
483 -99999
484 -99999
485 -99999
486 -99999
487 -99999
488 -99999
489 -99999
490 -99999
491 -99999
492 -99999
493 -99999
494 -99999
495 -99999
496 -99999
497 -99999
498 -99999
499 -99999
500 -99999
501 -99999
502 -99999
503 -99999
504 -99999
505 -99999
506 -99999
507 -99999
508 -99999
509 -99999
510 -99999
511 -99999
512 -99999
513 -99999
514 -99999
515 -99999
516 -99999
517 -99999
518 -99999
519 -99999
520 -99999
521 -99999
522 -99999
523 -99999
524 -99999
525 -99999
526 -99999
527 -99999
528 -99999
529 -99999
530 -99999
531 -99999
532 -99999
533 -99999
534 -99999
535 -99999
536 -99999
537 -99999
538 -99999
539 -99999
540 -99999
541 -99999
542 -99999
543 -99999
544 -99999
545 -99999
546 -99999
547 -99999
548 -99999
549 -99999
550 -99999
551 -99999
552 -99999
553 -99999
554 -99999
555 -99999
556 -99999
557 -99999
558 -99999
559 -99999
560 -99999
561 -99999
562 -99999
563 -99999
564 -99999
565 -99999
566 -99999
567 -99999
568 -99999
569 -99999
570 -99999
571 -99999
572 -99999
573 -99999
574 -99999
575 -99999
576 -99999
577 -99999
578 -99999
579 -99999
580 -99999
581 -99999
582 -99999
583 -99999
584 -99999
585 -99999
586 -99999
587 -99999
588 -99999
589 -99999
590 -99999
591 -99999
592 -99999
593 -99999
594 -99999
595 -99999
596 -99999
597 -99999
598 -99999
599 -99999
600 -99999
601 -99999
602 -99999
603 -99999
604 -99999
605 -99999
606 -99999
607 -99999
608 -99999
609 -99999
610 -99999
611 -99999
612 -99999
613 -99999
614 -99999
615 -99999
616 -99999
617 -99999
618 -99999
619 -99999
620 -99999
621 -99999
622 -99999
623 -99999
624 -99999
625 -99999
626 -99999
627 -99999
628 -99999
629 -99999
630 -99999
631 -99999
632 -99999
633 -99999
634 2
635 -99998
636 -99998
637 -99998
638 -99998
639 -99998
640 -99998
641 -99998
642 -99998
643 -99998
644 -99998
645 -99998
646 -99998
647 -99998
648 -99998
649 -99998
650 -99998
651 -99998
652 -99998
653 -99998
654 -99998
655 -99998
656 -99998
657 -99998
658 -99998
659 -99998
660 -99998
661 -99998
662 -99998
663 -99998
664 -99998
665 -99998
666 -99998
667 -99998
668 -99998
669 -99998
670 -99998
671 -99998
672 -99998
673 -99998
674 -99998
675 -99998
676 -99998
677 -99998
678 -99998
679 -99998
680 -99998
681 -99998
682 -99998
683 -99998
684 -99998
685 -99998
686 -99998
687 -99998
688 -99998
689 -99998
690 -99998
691 -99998
692 -99998
693 -99998
694 -99998
695 -99998
696 -99998
697 -99998
698 -99998
699 -99998
700 -99998
701 -99998
702 -99998
703 -99998
704 -99998
705 -99998
706 -99998
707 -99998
708 -99998
709 -99998
710 -99998
711 -99998
712 -99998
713 -99998
714 -99998
715 -99998
716 -99998
717 -99998
718 -99998
719 -99998
720 -99998
721 -99998
722 -99998
723 -99998
724 -99998
725 -99998
726 -99998
727 -99998
728 -99998
729 -99998
730 -99998
731 -99998
732 -99998
733 -99998
734 -99998
735 -99998
736 -99998
737 -99998
738 -99998
739 -99998
740 -99998
741 -99998
742 -99998
743 -99998
744 -99998
745 -99998
746 -99998
747 -99998
748 -99998
749 -99998
750 -99998
751 -99998
752 -99998
753 -99998
754 -99998
755 -99998
756 -99998
757 -99998
758 -99998
759 -99998
760 -99998
761 -99998
762 -99998
763 -99998
764 -99998
765 -99998
766 -99998
767 -99998
768 -99998
769 -99998
770 -99998
771 -99998
772 -99998
773 -99998
774 -99998
775 -99998
776 -99998
777 -99998
778 -99998
779 -99998
780 -99998
781 -99998
782 -99998
783 -99998
784 -99998
785 -99998
786 -99998
787 -99998
788 -99998
789 -99998
790 -99998
791 -99998
792 -99998
793 -99998
794 -99998
795 -99998
796 -99998
797 -99998
798 -99998
799 -99998
800 -99998
801 -99998
802 -99998
803 -99998
804 -99998
805 -99998
806 -99998
807 -99998
808 -99998
809 -99998
810 -99998
811 -99998
812 -99998
813 -99998
814 -99998
815 -99998
816 -99998
817 -99998
818 -99998
819 -99998
820 -99998
821 -99998
822 -99998
823 -99998
824 -99998
825 -99998
826 -99998
827 -99998
828 -99998
829 -99998
830 -99998
831 -99998
832 -99998
833 -99998
834 -99998
835 -99998
836 -99998
837 -99998
838 -99998
839 -99998
840 -99998
841 -99998
842 -99998
843 -99998
844 -99998
845 -99998
846 -99998
847 -99998
848 -99998
849 -99998
850 -99998
851 -99998
852 -99998
853 -99998
854 -99998
855 -99998
856 -99998
857 -99998
858 -99998
859 -99998
860 -99998
861 -99998
862 -99998
863 -99998
864 -99998
865 -99998
866 -99998
867 -99998
868 -99998
869 -99998
870 -99998
871 -99998
872 -99998
873 -99998
874 -99998
875 -99998
876 -99998
877 -99998
878 -99998
879 -99998
880 -99998
881 -99998
882 -99998
883 -99998
884 -99998
885 -99998
886 -99998
887 -99998
888 -99998
889 -99998
890 -99998
891 -99998
892 -99998
893 -99998
894 -99998
895 -99998
896 -99998
897 -99998
898 -99998
899 -99998
900 -99998
901 -99998
902 -99998
903 -99998
904 -99998
905 -99998
906 -99998
907 -99998
908 -99998
909 -99998
910 -99998
911 -99998
912 -99998
913 -99998
914 -99998
915 -99998
916 -99998
917 -99998
918 -99998
919 -99998
920 -99998
921 -99998
922 -99998
923 -99998
924 -99998
925 -99998
926 -99998
927 -99998
928 -99998
929 -99998
930 -99998
931 -99998
932 -99998
933 -99998
934 -99998
935 -99998
936 -99998
937 -99998
938 -99998
939 -99998
940 -99998
941 -99998
942 -99998
943 -99998
944 -99998
945 -99998
946 -99998
947 -99998
948 -99998
949 -99998
950 -99998
951 3
952 -99997
953 -99997
954 -99997
955 -99997
956 -99997
957 -99997
958 -99997
959 -99997
960 -99997
961 -99997
962 -99997
963 -99997
964 -99997
965 -99997
966 -99997
967 -99997
968 -99997
969 -99997
970 -99997
971 -99997
972 -99997
973 -99997
974 -99997
975 -99997
976 -99997
977 -99997
978 -99997
979 -99997
980 -99997
981 -99997
982 -99997
983 -99997
984 -99997
985 -99997
986 -99997
987 -99997
988 -99997
989 -99997
990 -99997
991 -99997
992 -99997
993 -99997
994 -99997
995 -99997
996 -99997
997 -99997
998 -99997
999 -99997
1000 -99997
1001 -99997
1002 -99997
1003 -99997
1004 -99997
1005 -99997
1006 -99997
1007 -99997
1008 -99997
1009 -99997
1010 -99997
1011 -99997
1012 -99997
1013 -99997
1014 -99997
1015 -99997
1016 -99997
1017 -99997
1018 -99997
1019 -99997
1020 -99997
1021 -99997
1022 -99997
1023 -99997
1024 -99997
1025 -99997
1026 -99997
1027 -99997
1028 -99997
1029 -99997
1030 -99997
1031 -99997
1032 -99997
1033 -99997
1034 -99997
1035 -99997
1036 -99997
1037 -99997
1038 -99997
1039 -99997
1040 -99997
1041 -99997
1042 -99997
1043 -99997
1044 -99997
1045 -99997
1046 -99997
1047 -99997
1048 -99997
1049 -99997
1050 -99997
1051 -99997
1052 -99997
1053 -99997
1054 -99997
1055 -99997
1056 -99997
1057 -99997
1058 -99997
1059 -99997
1060 -99997
1061 -99997
1062 -99997
1063 -99997
1064 -99997
1065 -99997
1066 -99997
1067 -99997
1068 -99997
1069 -99997
1070 -99997
1071 -99997
1072 -99997
1073 -99997
1074 -99997
1075 -99997
1076 -99997
1077 -99997
1078 -99997
1079 -99997
1080 -99997
1081 -99997
1082 -99997
1083 -99997
1084 -99997
1085 -99997
1086 -99997
1087 -99997
1088 -99997
1089 -99997
1090 -99997
1091 -99997
1092 -99997
1093 -99997
1094 -99997
1095 -99997
1096 -99997
1097 -99997
1098 -99997
1099 -99997
1100 -99997
1101 -99997
1102 -99997
1103 -99997
1104 -99997
1105 -99997
1106 -99997
1107 -99997
1108 -99997
1109 -99997
1110 -99997
1111 -99997
1112 -99997
1113 -99997
1114 -99997
1115 -99997
1116 -99997
1117 -99997
1118 -99997
1119 -99997
1120 -99997
1121 -99997
1122 -99997
1123 -99997
1124 -99997
1125 -99997
1126 -99997
1127 -99997
1128 -99997
1129 -99997
1130 -99997
1131 -99997
1132 -99997
1133 -99997
1134 -99997
1135 -99997
1136 -99997
1137 -99997
1138 -99997
1139 -99997
1140 -99997
1141 1
1142 -99997
1143 -99997
1144 -99997
1145 -99997
1146 -99997
1147 -99997
1148 -99997
1149 -99997
1150 -99997
1151 -99997
1152 -99997
1153 -99997
1154 -99997
1155 -99997
1156 -99997
1157 -99997
1158 -99997
1159 -99997
1160 -99997
1161 -99997
1162 -99997
1163 -99997
1164 -99997
1165 -99997
1166 -99997
1167 -99997
1168 -99997
1169 -99997
1170 -99997
1171 -99997
1172 -99997
1173 -99997
1174 -99997
1175 -99997
1176 -99997
1177 -99997
1178 -99997
1179 -99997
1180 -99997
1181 -99997
1182 -99997
1183 -99997
1184 -99997
1185 -99997
1186 -99997
1187 -99997
1188 -99997
1189 -99997
1190 -99997
1191 -99997
1192 -99997
1193 -99997
1194 -99997
1195 -99997
1196 -99997
1197 -99997
1198 -99997
1199 -99997
1200 -99997
1201 -99997
1202 -99997
1203 -99997
1204 -99997
1205 -99997
1206 -99997
1207 -99997
1208 -99997
1209 -99997
1210 -99997
1211 -99997
1212 -99997
1213 -99997
1214 -99997
1215 -99997
1216 -99997
1217 -99997
1218 -99997
1219 -99997
1220 -99997
1221 -99997
1222 -99997
1223 -99997
1224 -99997
1225 -99997
1226 -99997
1227 -99997
1228 -99997
1229 -99997
1230 -99997
1231 -99997
1232 -99997
1233 -99997
1234 -99997
1235 -99997
1236 -99997
1237 -99997
1238 -99997
1239 -99997
1240 -99997
1241 -99997
1242 -99997
1243 -99997
1244 -99997
1245 -99997
1246 -99997
1247 -99997
1248 -99997
1249 -99997
1250 -99997
1251 -99997
1252 -99997
1253 -99997
1254 -99997
1255 -99997
1256 -99997
1257 -99997
1258 -99997
1259 -99997
1260 -99997
1261 -99997
1262 -99997
1263 -99997
1264 -99997
1265 -99997
1266 -99997
1267 -99997
1268 4
1269 -99996
1270 -99996
1271 -99996
1272 -99996
1273 -99996
1274 -99996
1275 -99996
1276 -99996
1277 -99996
1278 -99996
1279 -99996
1280 -99996
1281 -99996
1282 -99996
1283 -99996
1284 -99996
1285 -99996
1286 -99996
1287 -99996
1288 -99996
1289 -99996
1290 -99996
1291 -99996
1292 -99996
1293 -99996
1294 -99996
1295 -99996
1296 -99996
1297 -99996
1298 -99996
1299 -99996
1300 -99996
1301 -99996
1302 -99996
1303 -99996
1304 -99996
1305 -99996
1306 -99996
1307 -99996
1308 -99996
1309 -99996
1310 -99996
1311 -99996
1312 -99996
1313 -99996
1314 -99996
1315 -99996
1316 -99996
1317 -99996
1318 -99996
1319 -99996
1320 -99996
1321 -99996
1322 -99996
1323 -99996
1324 -99996
1325 -99996
1326 -99996
1327 -99996
1328 -99996
1329 -99996
1330 -99996
1331 -99996
1332 -99996
1333 -99996
1334 -99996
1335 -99996
1336 -99996
1337 -99996
1338 -99996
1339 -99996
1340 -99996
1341 -99996
1342 -99996
1343 -99996
1344 -99996
1345 -99996
1346 -99996
1347 -99996
1348 -99996
1349 -99996
1350 -99996
1351 -99996
1352 -99996
1353 -99996
1354 -99996
1355 -99996
1356 -99996
1357 -99996
1358 -99996
1359 -99996
1360 -99996
1361 -99996
1362 -99996
1363 -99996
1364 -99996
1365 -99996
1366 -99996
1367 -99996
1368 -99996
1369 -99996
1370 -99996
1371 -99996
1372 -99996
1373 -99996
1374 -99996
1375 -99996
1376 -99996
1377 -99996
1378 -99996
1379 -99996
1380 -99996
1381 -99996
1382 -99996
1383 -99996
1384 -99996
1385 -99996
1386 -99996
1387 -99996
1388 -99996
1389 -99996
1390 -99996
1391 -99996
1392 -99996
1393 -99996
1394 -99996
1395 -99996
1396 -99996
1397 -99996
1398 -99996
1399 -99996
1400 -99996
1401 -99996
1402 -99996
1403 -99996
1404 -99996
1405 -99996
1406 -99996
1407 -99996
1408 -99996
1409 -99996
1410 -99996
1411 -99996
1412 -99996
1413 -99996
1414 -99996
1415 -99996
1416 -99996
1417 -99996
1418 -99996
1419 -99996
1420 -99996
1421 -99996
1422 -99996
1423 -99996
1424 -99996
1425 -99996
1426 -99996
1427 -99996
1428 -99996
1429 -99996
1430 -99996
1431 -99996
1432 -99996
1433 -99996
1434 -99996
1435 -99996
1436 -99996
1437 -99996
1438 -99996
1439 -99996
1440 -99996
1441 -99996
1442 -99996
1443 -99996
1444 -99996
1445 -99996
1446 -99996
1447 -99996
1448 -99996
1449 -99996
1450 -99996
1451 -99996
1452 -99996
1453 -99996
1454 -99996
1455 -99996
1456 -99996
1457 -99996
1458 2
1459 -99996
1460 -99996
1461 -99996
1462 -99996
1463 -99996
1464 -99996
1465 -99996
1466 -99996
1467 -99996
1468 -99996
1469 -99996
1470 -99996
1471 -99996
1472 -99996
1473 -99996
1474 -99996
1475 -99996
1476 -99996
1477 -99996
1478 -99996
1479 -99996
1480 -99996
1481 -99996
1482 -99996
1483 -99996
1484 -99996
1485 -99996
1486 -99996
1487 -99996
1488 -99996
1489 -99996
1490 -99996
1491 -99996
1492 -99996
1493 -99996
1494 -99996
1495 -99996
1496 -99996
1497 -99996
1498 -99996
1499 -99996
1500 -99996
1501 -99996
1502 -99996
1503 -99996
1504 -99996
1505 -99996
1506 -99996
1507 -99996
1508 -99996
1509 -99996
1510 -99996
1511 -99996
1512 -99996
1513 -99996
1514 -99996
1515 -99996
1516 -99996
1517 -99996
1518 -99996
1519 -99996
1520 -99996
1521 -99996
1522 -99996
1523 -99996
1524 -99996
1525 -99996
1526 -99996
1527 -99996
1528 -99996
1529 -99996
1530 -99996
1531 -99996
1532 -99996
1533 -99996
1534 -99996
1535 -99996
1536 -99996
1537 -99996
1538 -99996
1539 -99996
1540 -99996
1541 -99996
1542 -99996
1543 -99996
1544 -99996
1545 -99996
1546 -99996
1547 -99996
1548 -99996
1549 -99996
1550 -99996
1551 -99996
1552 -99996
1553 -99996
1554 -99996
1555 -99996
1556 -99996
1557 -99996
1558 -99996
1559 -99996
1560 -99996
1561 -99996
1562 -99996
1563 -99996
1564 -99996
1565 -99996
1566 -99996
1567 -99996
1568 -99996
1569 -99996
1570 -99996
1571 -99996
1572 -99996
1573 -99996
1574 -99996
1575 -99996
1576 -99996
1577 -99996
1578 -99996
1579 -99996
1580 -99996
1581 -99996
1582 -99996
1583 -99996
1584 -99996
1585 5
1586 -99995
1587 -99995
1588 -99995
1589 -99995
1590 -99995
1591 -99995
1592 -99995
1593 -99995
1594 -99995
1595 -99995
1596 -99995
1597 -99995
1598 -99995
1599 -99995
1600 -99995
1601 -99995
1602 -99995
1603 -99995
1604 -99995
1605 -99995
1606 -99995
1607 -99995
1608 -99995
1609 -99995
1610 -99995
1611 -99995
1612 -99995
1613 -99995
1614 -99995
1615 -99995
1616 -99995
1617 -99995
1618 -99995
1619 -99995
1620 -99995
1621 -99995
1622 -99995
1623 -99995
1624 -99995
1625 -99995
1626 -99995
1627 -99995
1628 -99995
1629 -99995
1630 -99995
1631 -99995
1632 -99995
1633 -99995
1634 -99995
1635 -99995
1636 -99995
1637 -99995
1638 -99995
1639 -99995
1640 -99995
1641 -99995
1642 -99995
1643 -99995
1644 -99995
1645 -99995
1646 -99995
1647 -99995
1648 -99995
1649 -99995
1650 -99995
1651 -99995
1652 -99995
1653 -99995
1654 -99995
1655 -99995
1656 -99995
1657 -99995
1658 -99995
1659 -99995
1660 -99995
1661 -99995
1662 -99995
1663 -99995
1664 -99995
1665 -99995
1666 -99995
1667 -99995
1668 -99995
1669 -99995
1670 -99995
1671 -99995
1672 -99995
1673 -99995
1674 -99995
1675 -99995
1676 -99995
1677 -99995
1678 -99995
1679 -99995
1680 -99995
1681 -99995
1682 -99995
1683 -99995
1684 -99995
1685 -99995
1686 -99995
1687 -99995
1688 -99995
1689 -99995
1690 -99995
1691 -99995
1692 -99995
1693 -99995
1694 -99995
1695 -99995
1696 -99995
1697 -99995
1698 -99995
1699 -99995
1700 -99995
1701 -99995
1702 -99995
1703 -99995
1704 -99995
1705 -99995
1706 -99995
1707 -99995
1708 -99995
1709 -99995
1710 -99995
1711 -99995
1712 -99995
1713 -99995
1714 -99995
1715 -99995
1716 -99995
1717 -99995
1718 -99995
1719 -99995
1720 -99995
1721 -99995
1722 -99995
1723 -99995
1724 -99995
1725 -99995
1726 -99995
1727 -99995
1728 -99995
1729 -99995
1730 -99995
1731 -99995
1732 -99995
1733 -99995
1734 -99995
1735 -99995
1736 -99995
1737 -99995
1738 -99995
1739 -99995
1740 -99995
1741 -99995
1742 -99995
1743 -99995
1744 -99995
1745 -99995
1746 -99995
1747 -99995
1748 -99995
1749 -99995
1750 -99995
1751 -99995
1752 -99995
1753 -99995
1754 -99995
1755 -99995
1756 -99995
1757 -99995
1758 -99995
1759 -99995
1760 -99995
1761 -99995
1762 -99995
1763 -99995
1764 -99995
1765 -99995
1766 -99995
1767 -99995
1768 -99995
1769 -99995
1770 -99995
1771 -99995
1772 -99995
1773 -99995
1774 -99995
1775 3
1776 -99995
1777 -99995
1778 -99995
1779 -99995
1780 -99995
1781 -99995
1782 -99995
1783 -99995
1784 -99995
1785 -99995
1786 -99995
1787 -99995
1788 -99995
1789 -99995
1790 -99995
1791 -99995
1792 -99995
1793 -99995
1794 -99995
1795 -99995
1796 -99995
1797 -99995
1798 -99995
1799 -99995
1800 -99995
1801 -99995
1802 -99995
1803 -99995
1804 -99995
1805 -99995
1806 -99995
1807 -99995
1808 -99995
1809 -99995
1810 -99995
1811 -99995
1812 -99995
1813 -99995
1814 -99995
1815 -99995
1816 -99995
1817 -99995
1818 -99995
1819 -99995
1820 -99995
1821 -99995
1822 -99995
1823 -99995
1824 -99995
1825 -99995
1826 -99995
1827 -99995
1828 -99995
1829 -99995
1830 -99995
1831 -99995
1832 -99995
1833 -99995
1834 -99995
1835 -99995
1836 -99995
1837 -99995
1838 -99995
1839 -99995
1840 -99995
1841 -99995
1842 -99995
1843 -99995
1844 -99995
1845 -99995
1846 -99995
1847 -99995
1848 -99995
1849 -99995
1850 -99995
1851 -99995
1852 -99995
1853 -99995
1854 -99995
1855 -99995
1856 -99995
1857 -99995
1858 -99995
1859 -99995
1860 -99995
1861 -99995
1862 -99995
1863 -99995
1864 -99995
1865 -99995
1866 -99995
1867 -99995
1868 -99995
1869 -99995
1870 -99995
1871 -99995
1872 -99995
1873 -99995
1874 -99995
1875 -99995
1876 -99995
1877 -99995
1878 -99995
1879 -99995
1880 -99995
1881 -99995
1882 -99995
1883 -99995
1884 -99995
1885 -99995
1886 -99995
1887 -99995
1888 -99995
1889 -99995
1890 -99995
1891 -99995
1892 -99995
1893 -99995
1894 -99995
1895 -99995
1896 -99995
1897 -99995
1898 -99995
1899 -99995
1900 -99995
1901 -99995
1902 6
1903 -99994
1904 -99994
1905 -99994
1906 -99994
1907 -99994
1908 -99994
1909 -99994
1910 -99994
1911 -99994
1912 -99994
1913 -99994
1914 -99994
1915 -99994
1916 -99994
1917 -99994
1918 -99994
1919 -99994
1920 -99994
1921 -99994
1922 -99994
1923 -99994
1924 -99994
1925 -99994
1926 -99994
1927 -99994
1928 -99994
1929 -99994
1930 -99994
1931 -99994
1932 -99994
1933 -99994
1934 -99994
1935 -99994
1936 -99994
1937 -99994
1938 -99994
1939 -99994
1940 -99994
1941 -99994
1942 -99994
1943 -99994
1944 -99994
1945 -99994
1946 -99994
1947 -99994
1948 -99994
1949 -99994
1950 -99994
1951 -99994
1952 -99994
1953 -99994
1954 -99994
1955 -99994
1956 -99994
1957 -99994
1958 -99994
1959 -99994
1960 -99994
1961 -99994
1962 -99994
1963 -99994
1964 -99994
1965 -99994
1966 -99994
1967 -99994
1968 -99994
1969 -99994
1970 -99994
1971 -99994
1972 -99994
1973 -99994
1974 -99994
1975 -99994
1976 -99994
1977 -99994
1978 -99994
1979 -99994
1980 -99994
1981 -99994
1982 -99994
1983 -99994
1984 -99994
1985 -99994
1986 -99994
1987 -99994
1988 -99994
1989 -99994
1990 -99994
1991 -99994
1992 -99994
1993 -99994
1994 -99994
1995 -99994
1996 -99994
1997 -99994
1998 -99994
1999 -99994
2000 -99994
2001 -99994
2002 -99994
2003 -99994
2004 -99994
2005 -99994
2006 -99994
2007 -99994
2008 -99994
2009 -99994
2010 -99994
2011 -99994
2012 -99994
2013 -99994
2014 -99994
2015 -99994
2016 -99994
2017 -99994
2018 -99994
2019 -99994
2020 -99994
2021 -99994
2022 -99994
2023 -99994
2024 -99994
2025 -99994
2026 -99994
2027 -99994
2028 -99994
2029 -99994
2030 -99994
2031 -99994
2032 -99994
2033 -99994
2034 -99994
2035 -99994
2036 -99994
2037 -99994
2038 -99994
2039 -99994
2040 -99994
2041 -99994
2042 -99994
2043 -99994
2044 -99994
2045 -99994
2046 -99994
2047 -99994
2048 -99994
2049 -99994
2050 -99994
2051 -99994
2052 -99994
2053 -99994
2054 -99994
2055 -99994
2056 -99994
2057 -99994
2058 -99994
2059 -99994
2060 -99994
2061 -99994
2062 -99994
2063 -99994
2064 -99994
2065 -99994
2066 -99994
2067 -99994
2068 -99994
2069 -99994
2070 -99994
2071 -99994
2072 -99994
2073 -99994
2074 -99994
2075 -99994
2076 -99994
2077 -99994
2078 -99994
2079 -99994
2080 -99994
2081 -99994
2082 -99994
2083 -99994
2084 -99994
2085 -99994
2086 -99994
2087 -99994
2088 -99994
2089 -99994
2090 -99994
2091 -99994
2092 4
2093 -99994
2094 -99994
2095 -99994
2096 -99994
2097 -99994
2098 -99994
2099 -99994
2100 -99994
2101 -99994
2102 -99994
2103 -99994
2104 -99994
2105 -99994
2106 -99994
2107 -99994
2108 -99994
2109 -99994
2110 -99994
2111 -99994
2112 -99994
2113 -99994
2114 -99994
2115 -99994
2116 -99994
2117 -99994
2118 -99994
2119 -99994
2120 -99994
2121 -99994
2122 -99994
2123 -99994
2124 -99994
2125 -99994
2126 -99994
2127 -99994
2128 -99994
2129 -99994
2130 -99994
2131 -99994
2132 -99994
2133 -99994
2134 -99994
2135 -99994
2136 -99994
2137 -99994
2138 -99994
2139 -99994
2140 -99994
2141 -99994
2142 -99994
2143 -99994
2144 -99994
2145 -99994
2146 -99994
2147 -99994
2148 -99994
2149 -99994
2150 -99994
2151 -99994
2152 -99994
2153 -99994
2154 -99994
2155 -99994
2156 -99994
2157 -99994
2158 -99994
2159 -99994
2160 -99994
2161 -99994
2162 -99994
2163 -99994
2164 -99994
2165 -99994
2166 -99994
2167 -99994
2168 -99994
2169 -99994
2170 -99994
2171 -99994
2172 -99994
2173 -99994
2174 -99994
2175 -99994
2176 -99994
2177 -99994
2178 -99994
2179 -99994
2180 -99994
2181 -99994
2182 -99994
2183 -99994
2184 -99994
2185 -99994
2186 -99994
2187 -99994
2188 -99994
2189 -99994
2190 -99994
2191 -99994
2192 -99994
2193 -99994
2194 -99994
2195 -99994
2196 -99994
2197 -99994
2198 -99994
2199 -99994
2200 -99994
2201 -99994
2202 -99994
2203 -99994
2204 -99994
2205 -99994
2206 -99994
2207 -99994
2208 -99994
2209 -99994
2210 -99994
2211 -99994
2212 -99994
2213 -99994
2214 -99994
2215 -99994
2216 -99994
2217 -99994
2218 -99994
2219 7
2220 -99993
2221 -99993
2222 -99993
2223 -99993
2224 -99993
2225 -99993
2226 -99993
2227 -99993
2228 -99993
2229 -99993
2230 -99993
2231 -99993
2232 -99993
2233 -99993
2234 -99993
2235 -99993
2236 -99993
2237 -99993
2238 -99993
2239 -99993
2240 -99993
2241 -99993
2242 -99993
2243 -99993
2244 -99993
2245 -99993
2246 -99993
2247 -99993
2248 -99993
2249 -99993
2250 -99993
2251 -99993
2252 -99993
2253 -99993
2254 -99993
2255 -99993
2256 -99993
2257 -99993
2258 -99993
2259 -99993
2260 -99993
2261 -99993
2262 -99993
2263 -99993
2264 -99993
2265 -99993
2266 -99993
2267 -99993
2268 -99993
2269 -99993
2270 -99993
2271 -99993
2272 -99993
2273 -99993
2274 -99993
2275 -99993
2276 -99993
2277 -99993
2278 -99993
2279 -99993
2280 -99993
2281 -99993
2282 2
2283 -99993
2284 -99993
2285 -99993
2286 -99993
2287 -99993
2288 -99993
2289 -99993
2290 -99993
2291 -99993
2292 -99993
2293 -99993
2294 -99993
2295 -99993
2296 -99993
2297 -99993
2298 -99993
2299 -99993
2300 -99993
2301 -99993
2302 -99993
2303 -99993
2304 -99993
2305 -99993
2306 -99993
2307 -99993
2308 -99993
2309 -99993
2310 -99993
2311 -99993
2312 -99993
2313 -99993
2314 -99993
2315 -99993
2316 -99993
2317 -99993
2318 -99993
2319 -99993
2320 -99993
2321 -99993
2322 -99993
2323 -99993
2324 -99993
2325 -99993
2326 -99993
2327 -99993
2328 -99993
2329 -99993
2330 -99993
2331 -99993
2332 -99993
2333 -99993
2334 -99993
2335 -99993
2336 -99993
2337 -99993
2338 -99993
2339 -99993
2340 -99993
2341 -99993
2342 -99993
2343 -99993
2344 -99993
2345 -99993
2346 -99993
2347 -99993
2348 -99993
2349 -99993
2350 -99993
2351 -99993
2352 -99993
2353 -99993
2354 -99993
2355 -99993
2356 -99993
2357 -99993
2358 -99993
2359 -99993
2360 -99993
2361 -99993
2362 -99993
2363 -99993
2364 -99993
2365 -99993
2366 -99993
2367 -99993
2368 -99993
2369 -99993
2370 -99993
2371 -99993
2372 -99993
2373 -99993
2374 -99993
2375 -99993
2376 -99993
2377 -99993
2378 -99993
2379 -99993
2380 -99993
2381 -99993
2382 -99993
2383 -99993
2384 -99993
2385 -99993
2386 -99993
2387 -99993
2388 -99993
2389 -99993
2390 -99993
2391 -99993
2392 -99993
2393 -99993
2394 -99993
2395 -99993
2396 -99993
2397 -99993
2398 -99993
2399 -99993
2400 -99993
2401 -99993
2402 -99993
2403 -99993
2404 -99993
2405 -99993
2406 -99993
2407 -99993
2408 -99993
2409 5
2410 -99993
2411 -99993
2412 -99993
2413 -99993
2414 -99993
2415 -99993
2416 -99993
2417 -99993
2418 -99993
2419 -99993
2420 -99993
2421 -99993
2422 -99993
2423 -99993
2424 -99993
2425 -99993
2426 -99993
2427 -99993
2428 -99993
2429 -99993
2430 -99993
2431 -99993
2432 -99993
2433 -99993
2434 -99993
2435 -99993
2436 -99993
2437 -99993
2438 1
2439 -99993
2440 -99993
2441 -99993
2442 -99993
2443 -99993
2444 -99993
2445 -99993
2446 -99993
2447 -99993
2448 -99993
2449 -99993
2450 -99993
2451 -99993
2452 -99993
2453 -99993
2454 -99993
2455 -99993
2456 -99993
2457 -99993
2458 -99993
2459 -99993
2460 -99993
2461 -99993
2462 -99993
2463 -99993
2464 -99993
2465 -99993
2466 -99993
2467 -99993
2468 -99993
2469 -99993
2470 -99993
2471 -99993
2472 -99993
2473 -99993
2474 -99993
2475 -99993
2476 -99993
2477 -99993
2478 -99993
2479 -99993
2480 -99993
2481 -99993
2482 -99993
2483 -99993
2484 -99993
2485 -99993
2486 -99993
2487 -99993
2488 -99993
2489 -99993
2490 -99993
2491 -99993
2492 -99993
2493 -99993
2494 -99993
2495 -99993
2496 -99993
2497 -99993
2498 -99993
2499 -99993
2500 -99993
2501 -99993
2502 -99993
2503 -99993
2504 -99993
2505 -99993
2506 -99993
2507 -99993
2508 -99993
2509 -99993
2510 -99993
2511 -99993
2512 -99993
2513 -99993
2514 -99993
2515 -99993
2516 -99993
2517 -99993
2518 -99993
2519 -99993
2520 -99993
2521 -99993
2522 -99993
2523 -99993
2524 -99993
2525 -99993
2526 -99993
2527 -99993
2528 -99993
2529 -99993
2530 -99993
2531 -99993
2532 -99993
2533 -99993
2534 -99993
2535 -99993
2536 8
2537 -99992
2538 -99992
2539 -99992
2540 -99992
2541 -99992
2542 -99992
2543 -99992
2544 -99992
2545 -99992
2546 -99992
2547 -99992
2548 -99992
2549 -99992
2550 -99992
2551 -99992
2552 -99992
2553 -99992
2554 -99992
2555 -99992
2556 -99992
2557 -99992
2558 -99992
2559 -99992
2560 -99992
2561 -99992
2562 -99992
2563 -99992
2564 -99992
2565 -99992
2566 -99992
2567 -99992
2568 -99992
2569 -99992
2570 -99992
2571 -99992
2572 -99992
2573 -99992
2574 -99992
2575 -99992
2576 -99992
2577 -99992
2578 -99992
2579 -99992
2580 -99992
2581 -99992
2582 -99992
2583 -99992
2584 -99992
2585 -99992
2586 -99992
2587 -99992
2588 -99992
2589 -99992
2590 -99992
2591 -99992
2592 -99992
2593 -99992
2594 -99992
2595 -99992
2596 -99992
2597 -99992
2598 -99992
2599 3
2600 -99992
2601 -99992
2602 -99992
2603 -99992
2604 -99992
2605 -99992
2606 -99992
2607 -99992
2608 -99992
2609 -99992
2610 -99992
2611 -99992
2612 -99992
2613 -99992
2614 -99992
2615 -99992
2616 -99992
2617 -99992
2618 -99992
2619 -99992
2620 -99992
2621 -99992
2622 -99992
2623 -99992
2624 -99992
2625 -99992
2626 -99992
2627 -99992
2628 -99992
2629 -99992
2630 -99992
2631 -99992
2632 -99992
2633 -99992
2634 -99992
2635 -99992
2636 -99992
2637 -99992
2638 -99992
2639 -99992
2640 -99992
2641 -99992
2642 -99992
2643 -99992
2644 -99992
2645 -99992
2646 -99992
2647 -99992
2648 -99992
2649 -99992
2650 -99992
2651 -99992
2652 -99992
2653 -99992
2654 -99992
2655 -99992
2656 -99992
2657 -99992
2658 -99992
2659 -99992
2660 -99992
2661 -99992
2662 -99992
2663 -99992
2664 -99992
2665 -99992
2666 -99992
2667 -99992
2668 -99992
2669 -99992
2670 -99992
2671 -99992
2672 -99992
2673 -99992
2674 -99992
2675 -99992
2676 -99992
2677 -99992
2678 -99992
2679 -99992
2680 -99992
2681 -99992
2682 -99992
2683 -99992
2684 -99992
2685 -99992
2686 -99992
2687 -99992
2688 -99992
2689 -99992
2690 -99992
2691 -99992
2692 -99992
2693 -99992
2694 -99992
2695 -99992
2696 -99992
2697 -99992
2698 -99992
2699 -99992
2700 -99992
2701 -99992
2702 -99992
2703 -99992
2704 -99992
2705 -99992
2706 -99992
2707 -99992
2708 -99992
2709 -99992
2710 -99992
2711 -99992
2712 -99992
2713 -99992
2714 -99992
2715 -99992
2716 -99992
2717 -99992
2718 -99992
2719 -99992
2720 -99992
2721 -99992
2722 -99992
2723 -99992
2724 -99992
2725 -99992
2726 6
2727 -99992
2728 -99992
2729 -99992
2730 -99992
2731 -99992
2732 -99992
2733 -99992
2734 -99992
2735 -99992
2736 -99992
2737 -99992
2738 -99992
2739 -99992
2740 -99992
2741 -99992
2742 -99992
2743 -99992
2744 -99992
2745 -99992
2746 -99992
2747 -99992
2748 -99992
2749 -99992
2750 -99992
2751 -99992
2752 -99992
2753 -99992
2754 -99992
2755 2
2756 -99992
2757 -99992
2758 -99992
2759 -99992
2760 -99992
2761 -99992
2762 -99992
2763 -99992
2764 -99992
2765 -99992
2766 -99992
2767 -99992
2768 -99992
2769 -99992
2770 -99992
2771 -99992
2772 -99992
2773 -99992
2774 -99992
2775 -99992
2776 -99992
2777 -99992
2778 -99992
2779 -99992
2780 -99992
2781 -99992
2782 -99992
2783 -99992
2784 -99992
2785 -99992
2786 -99992
2787 -99992
2788 -99992
2789 -99992
2790 -99992
2791 -99992
2792 -99992
2793 -99992
2794 -99992
2795 -99992
2796 -99992
2797 -99992
2798 -99992
2799 -99992
2800 -99992
2801 -99992
2802 -99992
2803 -99992
2804 -99992
2805 -99992
2806 -99992
2807 -99992
2808 -99992
2809 -99992
2810 -99992
2811 -99992
2812 -99992
2813 -99992
2814 -99992
2815 -99992
2816 -99992
2817 -99992
2818 -99992
2819 -99992
2820 -99992
2821 -99992
2822 -99992
2823 -99992
2824 -99992
2825 -99992
2826 -99992
2827 -99992
2828 -99992
2829 -99992
2830 -99992
2831 -99992
2832 -99992
2833 -99992
2834 -99992
2835 -99992
2836 -99992
2837 -99992
2838 -99992
2839 -99992
2840 -99992
2841 -99992
2842 -99992
2843 -99992
2844 -99992
2845 -99992
2846 -99992
2847 -99992
2848 -99992
2849 -99992
2850 -99992
2851 -99992
2852 -99992
2853 9
2854 -99991
2855 -99991
2856 -99991
2857 -99991
2858 -99991
2859 -99991
2860 -99991
2861 -99991
2862 -99991
2863 -99991
2864 -99991
2865 -99991
2866 -99991
2867 -99991
2868 -99991
2869 -99991
2870 -99991
2871 -99991
2872 -99991
2873 -99991
2874 -99991
2875 -99991
2876 -99991
2877 -99991
2878 -99991
2879 -99991
2880 -99991
2881 -99991
2882 -99991
2883 -99991
2884 -99991
2885 -99991
2886 -99991
2887 -99991
2888 -99991
2889 -99991
2890 -99991
2891 -99991
2892 -99991
2893 -99991
2894 -99991
2895 -99991
2896 -99991
2897 -99991
2898 -99991
2899 -99991
2900 -99991
2901 -99991
2902 -99991
2903 -99991
2904 -99991
2905 -99991
2906 -99991
2907 -99991
2908 -99991
2909 -99991
2910 -99991
2911 -99991
2912 -99991
2913 -99991
2914 -99991
2915 -99991
2916 4
2917 -99991
2918 -99991
2919 -99991
2920 -99991
2921 -99991
2922 -99991
2923 -99991
2924 -99991
2925 -99991
2926 -99991
2927 -99991
2928 -99991
2929 -99991
2930 -99991
2931 -99991
2932 -99991
2933 -99991
2934 -99991
2935 -99991
2936 -99991
2937 -99991
2938 -99991
2939 -99991
2940 -99991
2941 -99991
2942 -99991
2943 -99991
2944 -99991
2945 -99991
2946 -99991
2947 -99991
2948 -99991
2949 -99991
2950 -99991
2951 -99991
2952 -99991
2953 -99991
2954 -99991
2955 -99991
2956 -99991
2957 -99991
2958 -99991
2959 -99991
2960 -99991
2961 -99991
2962 -99991
2963 -99991
2964 -99991
2965 -99991
2966 -99991
2967 -99991
2968 -99991
2969 -99991
2970 -99991
2971 -99991
2972 -99991
2973 -99991
2974 -99991
2975 -99991
2976 -99991
2977 -99991
2978 -99991
2979 -99991
2980 -99991
2981 -99991
2982 -99991
2983 -99991
2984 -99991
2985 -99991
2986 -99991
2987 -99991
2988 -99991
2989 -99991
2990 -99991
2991 -99991
2992 -99991
2993 -99991
2994 -99991
2995 -99991
2996 -99991
2997 -99991
2998 -99991
2999 -99991
3000 -99991
3001 -99991
3002 -99991
3003 -99991
3004 -99991
3005 -99991
3006 -99991
3007 -99991
3008 -99991
3009 -99991
3010 -99991
3011 -99991
3012 -99991
3013 -99991
3014 -99991
3015 -99991
3016 -99991
3017 -99991
3018 -99991
3019 -99991
3020 -99991
3021 -99991
3022 -99991
3023 -99991
3024 -99991
3025 -99991
3026 -99991
3027 -99991
3028 -99991
3029 -99991
3030 -99991
3031 -99991
3032 -99991
3033 -99991
3034 -99991
3035 -99991
3036 -99991
3037 -99991
3038 -99991
3039 -99991
3040 -99991
3041 -99991
3042 -99991
3043 7
7